[48;2;255;255;255m     [38;2;226;214;226;48;2;252;250;252m▗[38;2;195;125;195;48;2;220;154;223m▖[38;2;250;246;250;48;2;255;255;255m▌                [38;2;112;185;185;48;2;242;245;245m▗[38;2;153;218;218;48;2;53;155;155m▘[38;2;115;236;236;48;2;33;137;137m▗[38;2;251;253;253;48;2;166;241;241m▗[38;2;249;252;252;48;2;255;255;255m▘                                                  [0m
[38;2;111;42;111;48;2;188;183;188m▄[38;2;143;50;143;48;2;193;188;193m▄[38;2;138;49;138;48;2;224;222;224m▄[38;2;140;87;140;48;2;252;252;252m▄[38;2;195;184;195;48;2;255;255;255m▄[38;2;243;243;243;48;2;120;111;120m▌[38;2;94;56;94;48;2;55;32;55m▝[38;2;214;204;214;48;2;255;255;255m▌               [38;2;197;225;225;48;2;251;252;252m▗[38;2;106;251;251;48;2;127;231;231m▝[38;2;94;207;207;48;2;94;245;245m▄[38;2;98;235;235;48;2;219;246;246m▘[38;2;252;253;253;48;2;255;255;255m▘                                                   [0m
[38;2;110;39;110;48;2;85;18;85m▝[38;2;108;39;108;48;2;152;53;152m▄[38;2;145;55;145;48;2;178;58;178m▄[38;2;166;60;166;48;2;177;61;177m▖[38;2;135;50;135;48;2;175;59;175m▝[38;2;158;53;158;48;2;95;63;95m▖[38;2;144;120;144;48;2;64;41;64m▗[38;2;221;210;221;48;2;255;255;255m▌              [38;2;182;179;182;48;2;254;254;254m▗[38;2;206;204;206;48;2;93;62;94m▘[38;2;77;32;77;48;2;34;23;40m▖[38;2;38;25;41;48;2;146;144;151m▌[38;2;253;253;253;48;2;255;255;255m▘                                                    [0m
[38;2;255;255;255;48;2;171;155;171m▄[38;2;249;248;249;48;2;117;69;117m▄[38;2;227;215;227;48;2;119;49;119m▄[38;2;213;175;213;48;2;158;57;158m▄[38;2;213;154;213;48;2;185;59;185m▄[38;2;178;96;178;48;2;104;49;104m▌[38;2;48;20;48;48;2;79;45;79m▄[38;2;205;193;205;48;2;142;90;142m▝[38;2;176;120;176;48;2;248;248;248m▄[38;2;239;237;239;48;2;255;255;255m▖           [38;2;240;240;240m▗[38;2;200;198;200;48;2;82;51;82m▘[38;2;118;68;118;48;2;106;48;107m▗[38;2;93;56;94;48;2;72;16;72m▄[38;2;69;34;70;48;2;187;181;187m▌[48;2;255;255;255m                                                     [0m
[48;2;255;255;255m     [38;2;103;92;103;48;2;243;243;243m▝[38;2;135;122;135;48;2;63;15;63m▖[38;2;134;50;134;48;2;88;24;88m▝[38;2;120;46;120;48;2;168;56;168m▖[38;2;216;200;216;48;2;184;72;184m▝[38;2;222;207;222;48;2;254;254;254m▖[48;2;255;255;255m         [38;2;167;227;227;48;2;246;249;249m▗[38;2;64;160;160;48;2;205;218;218m▄[38;2;27;208;208;48;2;70;131;132m▗[38;2;112;251;251;48;2;45;150;150m▄[38;2;136;255;255;48;2;92;200;200m▄[38;2;64;241;241;48;2;123;167;167m▄[38;2;12;122;122;48;2;182;185;185m▄[38;2;155;160;160;48;2;253;253;253m▖[48;2;255;255;255m                                                   [0m
[48;2;255;255;255m      [38;2;218;215;218;48;2;254;254;254m▝[38;2;251;250;251;48;2;121;91;121m▄[38;2;210;195;210;48;2;109;40;109m▄[38;2;219;139;219;48;2;180;57;180m▄[38;2;244;242;244;48;2;207;115;207m▝[38;2;228;175;228;48;2;255;255;255m▄[38;2;247;225;247;48;2;252;251;252m▖[38;2;254;254;254;48;2;255;255;255m▖    [38;2;181;198;198;48;2;252;252;252m▗[38;2;61;145;145;48;2;232;233;233m▄[38;2;52;169;169;48;2;42;121;121m▖[38;2;11;160;160;48;2;62;215;215m▘[38;2;104;253;253;48;2;134;255;255m▌[38;2;155;255;255;48;2;132;255;255m▄[38;2;167;255;255;48;2;133;255;255m▄[38;2;149;254;254;48;2;122;250;250m▌[38;2;1;145;145;48;2;120;226;226m▝[38;2;144;157;157;48;2;253;253;253m▘[48;2;255;255;255m                                        [38;2;254;254;254m▗[38;2;252;252;252;48;2;254;254;254m▗[38;2;250;250;250;48;2;255;255;255m▄[38;2;252;252;252m▄[38;2;254;254;254m▖      [0m
[48;2;255;255;255m         [38;2;242;237;242m▝[38;2;231;230;231;48;2;109;75;109m▖[38;2;62;28;62;48;2;172;66;172m▄[38;2;87;36;87;48;2;216;98;216m▄[38;2;118;46;118;48;2;209;158;209m▄[38;2;143;105;143;48;2;246;245;246m▄[38;2;233;233;233;48;2;255;255;255m▖[38;2;248;248;248m▗[38;2;135;175;175;48;2;237;240;240m▄[38;2;87;173;173;48;2;101;225;225m▌[38;2;30;172;172;48;2;96;247;247m▗[38;2;89;187;187;48;2;18;112;112m▚[38;2;52;97;97;48;2;223;234;234m▘[38;2;255;255;255;48;2;205;249;249m▄[48;2;218;255;255m▄[48;2;223;254;254m▄[48;2;239;249;249m▄[48;2;255;255;255m                                       [38;2;254;254;254m▗[38;2;105;105;105;48;2;241;241;241m▗[38;2;19;19;19;48;2;224;224;224m▄[38;2;141;141;141;48;2;53;53;53m▘[38;2;0;0;0;48;2;52;52;52m▄[48;2;24;24;24m▄[38;2;53;53;53;48;2;19;19;19m▝[38;2;114;114;114;48;2;43;43;43m▝[38;2;5;5;5;48;2;201;201;201m▄[38;2;138;138;138;48;2;254;254;254m▄[38;2;248;248;248m▖[48;2;255;255;255m   [0m
[48;2;255;255;255m          [38;2;229;228;229m▝[38;2;243;243;243;48;2;107;96;107m▖[38;2;73;29;73;48;2;62;25;62m▝[38;2;80;33;80;48;2;98;39;98m▌[38;2;159;49;159;48;2;129;44;129m▗[38;2;181;169;181;48;2;144;83;160m▝[38;2;219;226;227;48;2;92;201;201m▘[38;2;70;208;208;48;2;25;90;90m▘[38;2;16;48;48;48;2;52;121;121m▌[38;2;237;247;247;48;2;105;192;192m▗[38;2;194;239;239;48;2;253;254;254m▘[48;2;255;255;255m                                           [38;2;241;241;241m▗[38;2;246;246;246;48;2;91;91;91m▘[38;2;233;233;233;48;2;78;78;78m▗[38;2;254;254;254;48;2;113;113;113m▄[38;2;255;255;255;48;2;184;184;184m▄[48;2;195;195;195m▄[48;2;167;167;167m▄[38;2;252;252;252;48;2;84;84;84m▄[38;2;207;207;207;48;2;56;56;56m▖[38;2;4;4;4;48;2;0;0;0m▖[38;2;3;3;3m▝[38;2;220;220;220;48;2;48;48;48m▝[38;2;228;228;228;48;2;255;255;255m▖  [0m
[48;2;255;255;255m            [38;2;122;108;122;48;2;244;243;244m▝[38;2;212;210;212;48;2;77;45;77m▖[38;2;95;38;96;48;2;138;96;154m▌[38;2;18;94;94;48;2;113;165;184m▗[38;2;51;237;237;48;2;42;116;116m▝[38;2;92;174;174;48;2;15;91;91m▗[38;2;37;148;148;48;2;222;242;242m▘[38;2;253;253;253;48;2;255;255;255m▘                                           [38;2;254;254;254m▗[38;2;245;245;245;48;2;117;117;117m▘[38;2;41;41;41;48;2;226;226;226m▘[38;2;254;254;254;48;2;255;255;255m▘     [38;2;253;253;253m▝[48;2;125;125;125m▖[48;2;0;0;0m  [38;2;91;91;91;48;2;250;250;250m▌[48;2;255;255;255m  [0m
[48;2;255;255;255m            [38;2;227;226;227;48;2;254;254;254m▗[38;2;132;152;157;48;2;74;56;77m▚[38;2;105;142;147;48;2;98;236;236m▘[38;2;63;243;243;48;2;20;158;158m▖[38;2;35;73;73;48;2;7;48;48m▗[38;2;60;90;90;48;2;222;228;228m▘[48;2;255;255;255m  [38;2;254;254;254m▄▄▄▄▖        ▄▄▄▄▖      ▄▖      ▄▄▄▄▄▄▖    [38;2;253;253;253m▝[38;2;255;255;255;48;2;212;212;212m▄[38;2;254;254;254;48;2;255;255;255m▘       [48;2;194;194;194m▌[48;2;0;0;0m [38;2;4;4;4m▗[38;2;143;143;143;48;2;253;253;253m▌[48;2;255;255;255m  [0m
[48;2;255;255;255m           [38;2;251;252;252m▗[38;2;131;173;173;48;2;225;232;232m▗[38;2;86;127;132;48;2;131;244;244m▘[38;2;137;255;255;48;2;111;255;255m▄[38;2;44;247;247;48;2;17;143;143m▌[38;2;24;76;76;48;2;86;120;120m▘[38;2;97;105;105;48;2;251;251;251m▌[48;2;255;255;255m  [38;2;221;221;221;48;2;254;254;254m▝[38;2;251;251;251;48;2;183;183;183m▄[38;2;8;8;8;48;2;153;153;153m▗[38;2;0;0;0;48;2;152;152;152m▄[38;2;245;245;245;48;2;117;117;117m▝[38;2;248;248;248;48;2;254;254;254m▖[48;2;255;255;255m      [38;2;226;226;226;48;2;254;254;254m▗[38;2;29;29;29;48;2;187;187;187m▄[38;2;0;0;0;48;2;152;152;152m▄[38;2;14;14;14;48;2;167;167;167m▖[38;2;253;253;253;48;2;191;191;191m▄[38;2;241;241;241;48;2;254;254;254m▘[48;2;255;255;255m     [38;2;203;203;203;48;2;253;253;253m▗[38;2;180;180;180;48;2;60;60;60m▘[38;2;86;86;86;48;2;244;244;244m▖[38;2;254;254;254;48;2;255;255;255m▖    [38;2;251;251;251;48;2;254;254;254m▝[38;2;253;253;253;48;2;200;200;200m▄[38;2;233;233;233;48;2;134;134;134m▖[38;2;2;2;2;48;2;152;152;152m▄[38;2;0;0;0;48;2;145;145;145m▖[38;2;219;219;219;48;2;153;153;153m▄[38;2;199;199;199;48;2;155;155;155m▄[38;2;113;113;113;48;2;167;167;167m▗[38;2;30;30;30;48;2;213;213;213m▄[38;2;68;68;68;48;2;252;252;252m▄[38;2;181;181;181m▖[48;2;255;255;255m           [38;2;235;235;235;48;2;85;85;85m▌[38;2;2;2;2;48;2;0;0;0m▗[38;2;244;244;244;48;2;87;87;87m▗[38;2;252;252;252;48;2;255;255;255m▘  [0m
[48;2;255;255;255m           [38;2;213;210;213;48;2;249;249;250m▗[38;2;113;111;121;48;2;129;196;196m▄[38;2;29;65;65;48;2;135;246;246m▄[38;2;60;158;158;48;2;130;246;246m▖[38;2;102;247;247;48;2;60;157;157m▘[38;2;76;144;144;48;2;26;79;79m▘[38;2;62;74;74;48;2;249;249;249m▌[48;2;255;255;255m    [38;2;227;227;227;48;2;16;16;16m▌[38;2;115;115;115;48;2;19;19;19m▄[38;2;0;0;0;48;2;8;8;8m▚[38;2;252;252;252;48;2;115;115;115m▝[38;2;253;253;253;48;2;255;255;255m▖    [38;2;240;240;240m▗[38;2;234;234;234;48;2;71;71;71m▘[38;2;228;228;228;48;2;61;61;61m▖[38;2;0;0;0;48;2;4;4;4m▌[38;2;49;49;49;48;2;243;243;243m▌[48;2;255;255;255m      [38;2;245;245;245;48;2;254;254;254m▗[38;2;226;226;226;48;2;74;74;74m▘[38;2;165;165;165;48;2;10;10;10m▖[38;2;116;116;116;48;2;7;7;7m▝[38;2;146;146;146;48;2;252;252;252m▖[48;2;255;255;255m      [38;2;254;254;254;48;2;158;158;158m▌[38;2;9;9;9;48;2;0;0;0m▌[38;2;0;0;0;48;2;188;188;188m▌[38;2;254;254;254;48;2;255;255;255m▌ [38;2;255;255;255;48;2;254;254;254m▄[38;2;155;155;155;48;2;250;250;250m▝[38;2;97;97;97;48;2;8;8;8m▖[38;2;77;77;77m▝[38;2;112;112;112;48;2;245;245;245m▖[48;2;255;255;255m        [38;2;254;254;254m▗[38;2;64;64;64;48;2;237;237;237m▗[38;2;53;53;53;48;2;0;0;0m▚[38;2;225;225;225;48;2;96;96;96m▄[38;2;247;247;247;48;2;255;255;255m▘   [0m
[48;2;255;255;255m          [38;2;112;60;112;48;2;228;226;228m▗[38;2;105;44;105;48;2;131;68;131m▝[38;2;80;28;80;48;2;129;54;129m▝[38;2;84;35;84;48;2;46;21;49m▖[38;2;144;142;144;48;2;28;55;58m▗[38;2;48;120;120;48;2;159;200;200m▝[38;2;222;231;231;48;2;43;79;79m▄[38;2;211;212;212;48;2;255;255;255m▘    [38;2;228;228;228;48;2;22;22;22m▌[38;2;134;134;134;48;2;248;248;248m▌[38;2;238;238;238;48;2;71;71;71m▖[38;2;20;20;20;48;2;3;3;3m▝[38;2;253;253;253;48;2;138;138;138m▝[38;2;255;255;255;48;2;253;253;253m▝[48;2;255;255;255m  [38;2;248;248;248;48;2;254;254;254m▗[38;2;244;244;244;48;2;91;91;91m▘[38;2;55;55;55;48;2;230;230;230m▘[38;2;244;244;244;48;2;57;57;57m▌[38;2;0;0;0;48;2;4;4;4m▌[38;2;50;50;50;48;2;244;244;244m▌[48;2;255;255;255m     [38;2;253;253;253m▄[38;2;250;250;250;48;2;103;103;103m▘[38;2;63;63;63;48;2;237;237;237m▘[38;2;140;140;140;48;2;252;252;252m▝[38;2;105;105;105;48;2;10;10;10m▖[38;2;169;169;169;48;2;21;21;21m▝[38;2;194;194;194;48;2;254;254;254m▖[48;2;255;255;255m     [38;2;254;254;254;48;2;160;160;160m▌[38;2;10;10;10;48;2;0;0;0m▌[38;2;0;0;0;48;2;188;188;188m▌[38;2;254;254;254;48;2;255;255;255m▌ ▗[38;2;209;209;209;48;2;254;254;254m▗[38;2;108;108;108;48;2;18;18;18m▘[38;2;40;40;40;48;2;6;6;6m▗[38;2;102;102;102;48;2;238;238;238m▘[48;2;255;255;255m       [38;2;241;241;241m▗[38;2;88;88;88;48;2;224;224;224m▄[38;2;225;225;225;48;2;70;70;70m▗[38;2;136;136;136;48;2;251;251;251m▘[48;2;255;255;255m     [0m
[48;2;255;255;255m         [38;2;148;116;148;48;2;245;245;245m▗[38;2;174;50;174;48;2;139;51;139m▗[38;2;158;53;158;48;2;140;54;140m▌[38;2;112;46;112;48;2;84;35;84m▌[38;2;123;115;123;48;2;60;24;60m▗[38;2;109;101;109;48;2;248;248;248m▘[48;2;255;255;255m       [38;2;228;228;228;48;2;22;22;22m▌[38;2;134;134;134;48;2;255;255;255m▌[38;2;234;234;234;48;2;254;254;254m▝[38;2;227;227;227;48;2;46;46;46m▖[38;2;22;22;22;48;2;0;0;0m▝[38;2;28;28;28;48;2;217;217;217m▖[48;2;255;255;255m [38;2;255;255;255;48;2;254;254;254m▌[38;2;253;253;253;48;2;126;126;126m▘[38;2;32;32;32;48;2;211;211;211m▘[38;2;255;255;255;48;2;254;254;254m▖[38;2;244;244;244;48;2;57;57;57m▌[38;2;0;0;0;48;2;4;4;4m▌[38;2;50;50;50;48;2;244;244;244m▌[48;2;255;255;255m    [38;2;255;255;255;48;2;254;254;254m▌[38;2;35;35;35;48;2;212;212;212m▗[38;2;252;252;252;48;2;138;138;138m▗[38;2;254;254;254;48;2;255;255;255m▌ [38;2;70;70;70;48;2;241;241;241m▝[38;2;43;43;43;48;2;3;3;3m▖[38;2;217;217;217;48;2;36;36;36m▝[38;2;234;234;234;48;2;254;254;254m▖[48;2;255;255;255m    [38;2;254;254;254;48;2;160;160;160m▌[38;2;10;10;10;48;2;0;0;0m▌[38;2;186;186;186;48;2;40;40;40m▝[38;2;106;106;106;48;2;252;252;252m▄[38;2;101;101;101;48;2;251;251;251m▄[38;2;103;103;103;48;2;218;218;218m▄[38;2;19;19;19;48;2;141;141;141m▝[38;2;231;231;231;48;2;20;20;20m▄[38;2;111;111;111;48;2;243;243;243m▘[38;2;254;254;254;48;2;255;255;255m▘     [38;2;251;251;251m▗[38;2;75;75;75;48;2;233;233;233m▗[38;2;193;193;193;48;2;71;71;71m▚[38;2;100;100;100;48;2;242;242;242m▘[38;2;253;253;253;48;2;255;255;255m▘      [0m
[48;2;255;255;255m        [38;2;212;207;212;48;2;253;253;253m▗[38;2;230;230;230;48;2;107;117;136m▘[38;2;51;63;87;48;2;198;51;198m▄[38;2;172;103;172;48;2;118;69;123m▚[38;2;229;227;229;48;2;90;58;90m▄[38;2;193;189;193;48;2;254;254;254m▘[48;2;255;255;255m        [38;2;228;228;228;48;2;22;22;22m▌[38;2;134;134;134;48;2;255;255;255m▌ [38;2;214;214;214;48;2;254;254;254m▝[38;2;203;203;203;48;2;31;31;31m▖[38;2;38;38;38;48;2;3;3;3m▝[38;2;56;56;56;48;2;231;231;231m▖[38;2;37;37;37;48;2;212;212;212m▗[38;2;253;253;253;48;2;125;125;125m▗[48;2;255;255;255m▘[38;2;255;255;255;48;2;254;254;254m▌[38;2;244;244;244;48;2;57;57;57m▌[38;2;0;0;0;48;2;4;4;4m▌[38;2;50;50;50;48;2;244;244;244m▌[48;2;255;255;255m    [38;2;75;75;75;48;2;242;242;242m▗[38;2;205;205;205;48;2;56;56;56m▗[38;2;211;211;211;48;2;115;115;115m▄[48;2;118;118;118m▄▄▄[38;2;183;183;183;48;2;54;54;54m▄[38;2;13;13;13;48;2;1;1;1m▖[38;2;244;244;244;48;2;81;81;81m▝[38;2;248;248;248;48;2;255;255;255m▖   [38;2;254;254;254;48;2;160;160;160m▌[38;2;10;10;10;48;2;0;0;0m▌[38;2;0;0;0;48;2;188;188;188m▌[38;2;255;255;255;48;2;253;253;253m▗[48;2;254;254;254m▄▄▄[48;2;255;255;255m      [38;2;254;254;254m▗[38;2;100;100;100;48;2;242;242;242m▗[38;2;198;198;198;48;2;77;77;77m▚[38;2;80;80;80;48;2;235;235;235m▘[38;2;252;252;252;48;2;255;255;255m▘     [38;2;254;254;254m▗[38;2;155;155;155;48;2;244;244;244m▗[38;2;247;247;247;48;2;255;255;255m▖[0m
[48;2;255;255;255m      [38;2;239;238;239m▗[38;2;127;87;127;48;2;226;224;226m▄[38;2;191;58;191;48;2;139;62;139m▗[38;2;195;60;195;48;2;166;60;168m▖[38;2;95;46;100;48;2;104;117;131m▌[38;2;230;240;240;48;2;254;254;254m▘[48;2;255;255;255m          [38;2;223;223;223;48;2;23;23;23m▌[38;2;127;127;127;48;2;254;254;254m▌[48;2;255;255;255m  [38;2;191;191;191;48;2;254;254;254m▝[38;2;181;181;181;48;2;22;22;22m▖[38;2;41;41;41;48;2;2;2;2m▝[38;2;243;243;243;48;2;91;91;91m▗[38;2;249;249;249;48;2;254;254;254m▘[48;2;255;255;255m [38;2;255;255;255;48;2;254;254;254m▌[38;2;244;244;244;48;2;56;56;56m▌[38;2;0;0;0;48;2;4;4;4m▌[38;2;49;49;49;48;2;243;243;243m▌[48;2;255;255;255m  [38;2;254;254;254m▗[38;2;128;128;128;48;2;251;251;251m▗[38;2;197;197;197;48;2;70;70;70m▗[38;2;226;226;226;48;2;254;254;254m▘[48;2;255;255;255m    [38;2;251;251;251;48;2;254;254;254m▝[38;2;248;248;248;48;2;90;90;90m▖[38;2;17;17;17;48;2;5;5;5m▝[38;2;251;251;251;48;2;124;124;124m▝[38;2;253;253;253;48;2;255;255;255m▄  [38;2;254;254;254;48;2;156;156;156m▌[38;2;9;9;9;48;2;0;0;0m▌[38;2;0;0;0;48;2;187;187;187m▌[38;2;254;254;254;48;2;255;255;255m▌        [38;2;131;131;131;48;2;249;249;249m▗[38;2;227;227;227;48;2;69;69;69m▘[38;2;176;176;176;48;2;65;65;65m▝[38;2;69;69;69;48;2;252;252;252m▄[48;2;255;255;255m▄▄▄▄▄[48;2;254;254;254m▄[38;2;57;57;57;48;2;253;253;253m▄[38;2;234;234;234;48;2;85;85;85m▘[38;2;64;64;64;48;2;219;219;219m▘[38;2;254;254;254;48;2;255;255;255m▘[0m
[48;2;255;255;255m     [38;2;215;212;215m▗[38;2;216;214;216;48;2;112;62;112m▘[38;2;116;44;116;48;2;135;48;135m▘[38;2;118;45;118;48;2;149;49;149m▄[38;2;125;47;125;48;2;92;41;92m▘[38;2;138;127;138;48;2;240;240;240m▌[48;2;255;255;255m         [38;2;219;219;219;48;2;254;254;254m▗[38;2;172;172;172;48;2;244;244;244m▄[38;2;13;13;13;48;2;138;138;138m▝[38;2;208;208;208;48;2;126;126;126m▝[38;2;191;191;191;48;2;252;252;252m▄[38;2;245;245;245;48;2;255;255;255m▖ [38;2;170;170;170;48;2;254;254;254m▝[38;2;208;208;208;48;2;58;58;58m▄[38;2;238;238;238;48;2;254;254;254m▘[48;2;255;255;255m [38;2;242;242;242m▗[38;2;192;192;192;48;2;252;252;252m▄[38;2;26;26;26;48;2;168;168;168m▝[38;2;149;149;149;48;2;3;3;3m▄[38;2;17;17;17;48;2;167;167;167m▘[38;2;192;192;192;48;2;252;252;252m▄[38;2;241;241;241;48;2;253;253;253m▖[38;2;183;183;183;48;2;244;244;244m▄[38;2;16;16;16;48;2;139;139;139m▝[38;2;235;235;235;48;2;130;130;130m▝[38;2;213;213;213;48;2;253;253;253m▄[38;2;254;254;254;48;2;255;255;255m▖   [38;2;212;212;212;48;2;252;252;252m▗[38;2;253;253;253;48;2;173;173;173m▘[38;2;149;149;149;48;2;10;10;10m▄[48;2;17;17;17m▄[38;2;250;250;250;48;2;166;166;166m▝[38;2;223;223;223;48;2;253;253;253m▖[38;2;202;202;202m▄[38;2;233;233;233;48;2;132;132;132m▘[38;2;149;149;149;48;2;5;5;5m▄[38;2;2;2;2;48;2;137;137;137m▘[38;2;177;177;177;48;2;248;248;248m▄[38;2;212;212;212;48;2;252;252;252m▖[48;2;255;255;255m     [38;2;251;251;251;48;2;254;254;254m▗[38;2;240;240;240;48;2;153;153;153m▘[38;2;131;131;131;48;2;20;20;20m▄[48;2;0;0;0m▄▄▄▄▄▄▄▄▄▄[38;2;249;249;249;48;2;123;123;123m▗[38;2;253;253;253;48;2;255;255;255m▘ [0m
[48;2;255;255;255m     [38;2;233;233;233;48;2;152;88;152m▘[38;2;218;61;218;48;2;153;50;153m▄[38;2;190;53;190;48;2;148;48;148m▖[38;2;136;52;136;48;2;113;42;113m▄[38;2;252;252;252;48;2;146;128;146m▗[38;2;253;253;253;48;2;255;255;255m▘                                                                    [0m
[48;2;255;255;255m    [38;2;255;255;255;48;2;233;233;233m▌[38;2;249;100;249;48;2;112;63;112m▝[38;2;225;130;225;48;2;253;95;253m▄[38;2;207;156;207;48;2;239;74;239m▄[38;2;190;101;190;48;2;241;237;241m▘[38;2;254;254;254;48;2;255;255;255m▘                                                                     [0m
[48;2;255;255;255m     [38;2;170;168;170;48;2;246;246;246m▝[38;2;255;255;255;48;2;192;192;192m▄[38;2;253;253;253;48;2;255;255;255m▘                                                                       [0m
